1668902400 0
1669048200 66 #Set up template and chapter headings
1674051660 66
1674138060 4766 #Added eratio section, copied from midterm
1677163235 5084
1677163270 5084
1677253974 5198
1677254196 5198
1677254249 5198
1677254269 5198
1677254299 5198
1677254326 5198
1677254532 5197
1677254612 5197
1677254640 5197
1677254657 5197
1677255216 5205
1678723045 5501
1678726656 5586
1678815491 5672
1678815772 5672
1678815822 5672
1678816097 5680
1678816531 5737
1678816569 5737
1678816696 5737
1678816715 5737
1678816922 5737
1678817146 5738
1678817411 5738
1678818800 5865
1679408521 6158
1679408677 6158
1679408770 6158
1679409800 6228
1679409866 6229
1679412473 6273
1679414256 6273
1679414371 6273
1679585940 6273
1679599318 6272
1679599365 6272
1679656033 6454
1679656134 6454
1679659339 6800
1679659661 6800
1679659789 6800
1679660374 6800
1679660679 6800
1679660845 6800
1679660928 6800
1679661096 6800
1679661149 6800
1679661230 6800
1680988903 6800
1680988936 6800
1683131123 7013
1683131188 7013
1683131276 7013
1683132299 7013
1683133684 7071
1683133882 7106
1683134842 7104
1683906892 7274
1683906914 7272
1684252198 7391
1684406457 7664
1684406548 7664
1684407384 7725
1684418663 8095
1684425382 8470
1684425418 8470
1684425759 8477
1684502775 8499
1684502837 8499
1684502884 8499
1684502936 8499
1684847883 8554
1684848182 8593
1684854908 8716
1684855945 8855
1684855969 8855
1684856609 8950
1684859426 9215
1685028675 9466
1685029670 9525
1685030582 9592
1685030791 9594
1685030837 9590
1685542069 9847
1685546853 10026
1685618650 10073
1685623001 10073
1685623057 10073
1685623087 10073
1685623109 10073
1685623214 10073
1685630125 10245
1685631357 10310
1685631404 10310
1685631490 10310
1685631727 10310
1685632033 10339
1685632158 10356
1685632689 10384
1685633167 5703
1685698098 5703
1685698206 5703
1685698258 5703
1685698300 5703
1685699948 5978
1685703025 5978
1685703178 5978
1685703385 5978
1685703439 5978
1685703954 5978
1685703989 5978
1685707038 5978
1685707097 5978
1685707132 5978
1685707195 5978
1685707362 5978
1685707468 5978
1685707908 5978
1685707946 5978
1685708437 5978
1685708862 5978
1685709255 5978
1685710506 5978
1685710539 5978
1685711860 5978
1685712418 6011
1685715237 5993
1685715300 5993
1685716049 5993
1685716475 5993
1685716496 5993
1685716513 5993
1685716529 5993
1685716563 5993
1685716590 5993
1685716605 5993
1685716738 5993
1685716867 5993
1685716914 5994
1685716935 5994
1685717258 5993
1685717350 5992
1685721532 5992
1686241688 6019
1686241824 6024
1686241965 6024
1686241978 6024
1686241994 6024
1686242007 6024
1686242022 6024
1686242037 6024
1686242051 6024
1686242076 6024
1686242094 6024
1686242114 6024
1686242127 6024
1688139962 6024
1688140019 6024
1688140058 6024
1688140098 6024
1688140128 6024
1688140188 6024
1688140219 6024
1688140271 6024
1688140843 6024
1688140903 6024
1688140935 6024
1688395005 6024
1688727812 6024
1688748215 6024
1688764172 6024
1689006051 6024
1689006113 7371
1689428772 7657
1689428874 7657
1689428900 7657
1689429010 7658
1689429058 7658
1689429081 7658
1689429380 7701
1689434136 7742
1689434292 7742
1689678771 8171
1689689466 8520
1689689496 8520
1689689516 8520
1689689760 8521
1689689780 8521
1689689869 8521
1689690083 8522
1689690768 8575
1689691244 8612
1689691294 8612
1689691330 8612
1689691345 8612
1689763670 8883
1689936270 9372
1689936734 9325
1689936791 9325
1689936824 9325
1689950848 9530
1689953433 9813
1689953744 9890
1689957031 10227
1690042392 10595
1690048932 10881
1690119742 10887
1690123922 10886
1690125107 10886
1690125360 10886
1690125483 10886
1691143761 10886
1693908182 11256
1695469625 11540
1695469934 11555
1695469972 11555
1698253394 11803
1698254453 11784
1698254537 11784
1698254554 11784
1698254632 11784
1698254660 11784
1698328814 11788
1698329115 11788
1698329142 11788
1698329207 11788
1698329381 11788
1698329474 11788
1698329504 11788
1698329572 11797
1698329588 11797
1698329630 11797
1698329645 11797
1698329711 11797
1698329763 11797
1698329795 11797
1698333817 11881
1698333893 11880
1698515630 12100
1698598065 12281
1698598108 12281
1698601182 12465
1698696859 12694
1698696918 12694
1698764526 12937
1698767271 12941
1698772234 13152
1698772623 13261
1698773096 13263
1698773142 13264
1698773331 13263
1698773507 13261
1698773621 13261
1698773929 13261
1698774003 13261
1698774165 13261
1698775466 13284
1698787260 13424
1698787297 13424
1698787428 13424
1698798584 14046
1698799974 14269
1698800155 14269
1698800516 14270
1698800838 14270
1698800902 14270
1699121346 14426
1699121686 14406
1699277756 14319
1699285157 13398
1699285181 13629
1699285283 13696
1699285300 14375
1699285496 14375
1699285984 14378
1699286013 14378
1699286203 14378
1699286253 14378
1699286974 14446
1699288633 14139
1699289621 13866
1699289675 13868
1699291201 13946
1699291250 13946
1699292228 13989
1699367671 13992
1699369018 14014
1699376500 14128
1699376521 14128
1699376640 14132
1699376689 14132
1699376759 14132
1699384443 14131
1699384880 14136
1699441081 14144
1699461727 14227
1699461891 14225
1699461930 14225
1699544178 14345
1699545837 14490
1699546283 14491
1699546936 14493
1699547007 14490
1699547461 14535
1699611191 14827
1699611528 14823
1699611763 14822
1699648936 14937
1699699315 15093
1699701333 15203
1699701375 15203
1699701593 15222
1699702086 15297
1699702136 15297
1699702641 15340
1699702726 15340
1699702770 15340
1699702912 15340
1699703005 15340
1699703087 15340
1699703404 15340
1699703436 15340
1699703621 15351
1699704086 15388
1699704338 15384
1699707041 15552
1699790172 15777
1699790515 15777
1699790666 15784
1699791685 15827
1699809534 15875
1699810051 15922
1699810227 15922
1699872109 16200
1699872146 16200
1699872206 16200
1699872226 16200
1699872321 16200
1699872406 16200
1699872463 16200
1699872491 16200
1699872533 16200
1699872635 16200
1699872656 16200
1699872686 16200
1699873637 16200
1699873730 16200
1699874225 16234
1699874255 16234
1699875136 16234
1699875199 16234
1699875318 16234
1699875580 16007
1699875611 16007
1699888732 16255
1699898498 16446
1699912813 16816
1699912905 16816
1699977946 16947
1699998131 16947
1699998387 16956
1699998440 16967
1699998841 16996
1700006235 17070
1700057236 17291
1700058185 17296
1700058245 17295
1700058280 17295
1700058376 17291
1700058551 17291
1700058694 17294
1700058904 17297
1700059048 17308
1700069599 17437
1700069776 17437
1700137359 17824
1700137396 17824
1700137560 17882
1700137601 17897
1700138739 17897
1700139284 17897
1700139332 17897
1700167743 18162
1700167769 18162
1700169408 18277
1700169432 18277
1700171073 18409
1700171114 18409
1700171172 18409
1700171264 18430
1700178926 18720
1700180558 18720
1700181716 18737
1700181935 18757
1700181987 18757
1700182858 18792
1700186557 19299
1700186596 19299
1700186643 19305
1700186753 19305
1700186976 19305
1700187068 19305
1700243259 19383
1700243810 19394
1700307355 19509
1700307493 19509
1700307567 19509
1700308044 19509
1700308118 19512
1700308152 19512
1700308191 19512
1700311399 19573
1700311445 19573
1700320141 19554
1700484580 19739
1700484634 19739
1700485965 19790
1700486017 19790
1700486440 19805
1700486465 19805
1700486701 19829
1700487271 19839
1700487875 19852
1700487895 19852
1700517199 20067
1700579873 20269
1700579945 20271
1700582458 20338
1700586361 20451
1700669124 20527
1700669393 20549
1700669445 20549
1700671240 20551
1700671451 20551
1700671813 20553
1700671871 20554
1700672484 20554
1700753452 20604
1700753519 20604
1700753630 20604
1700753651 20604
1700753664 20604
1700753720 20611
1700753808 20611
1700755020 20656
1700755380 20677
1700755901 20686
1700756089 20699
1700756490 20766
1700756740 20766
1700756783 20766
1700757010 20791
1700757026 20791
1700757161 20791
1700757369 20804
1700757426 20804
1700841011 20979
1700841046 20979
1700841190 20979
1700846475 21053
1700846872 21109
1700846982 21109
1700847238 21120
1700849832 21151
1700850087 21151
1700854950 21250
1700856970 21250
1700857933 21247
1700858154 21254
1700911572 21359
1700912224 21473
1700913906 21617
1700959881 22205
1700959929 22205
1700960047 22205
1700960250 22228
1700960791 22228
1700960966 22228
1700962363 22253
1700962398 22251
1700962445 22251
1700962474 22251
1700962499 22251
1700962882 22251
1701006246 22251
1701006291 22249
1701357014 22517
1701357047 22517
1701357292 22517
1701360703 22749
1701429946 22845
1701430343 22886
1701464141 23262
1701464216 23261
1701466065 23265
1701517835 23276
1701534559 23291
1701540809 23365
1701542741 23365
1701548786 23414
1701557969 23591
1701595220 23649
1701595266 23647
1701604754 23947
1701604996 23958
1701608239 24072
1701617466 24291
1701617801 24291
1701620682 24306
1701620712 24306
1701625215 24417
1701625308 24417
1701625406 24417
1701625669 24416
1701625791 24413
1701625820 24412
1701625911 24410
1701626055 24410
1701626082 24410
1701626780 24495
1701629282 24757
1701630634 24878
1701630659 24878
1701638166 25165
1701642111 25308
1701642152 25308
1701642796 25427
1701642855 25427
1701643384 25427
1701643748 25425
1701645247 25446
1701645611 25446
1701645679 25446
1701645746 25446
1701646414 25446
1701702854 25700
1701702896 25700
1701705084 25856
1701705130 25856
1701705730 25862
1701705844 25895
1701708534 26150
1701708804 26150
1701711530 26150
1701779045 26224
1701779114 26224
1701779174 26224
1701779272 26224
1701779352 26224
1701779399 26224
1701779531 26224
1701779773 26224
1701779821 26224
1701780309 26258
1701781439 26327
1701781541 26326
1701781596 26329
1701782563 26435
1701782906 26550
1701782942 26550
1701783335 26570
1701783381 26570
1701783470 26569
1701783592 26581
1701783640 26581
1701783786 26583
1701783811 26583
1701783837 26583
1701793846 26583
1701793880 26583
1701793921 26583
1701794355 26583
1701794420 26583
1701794588 26583
1701794902 26583
1701795004 26594
1701795044 26594
1701795071 26594
1701795265 26594
1701795359 26594
1701795418 26594
1701795459 26594
1701795525 26594
1701795621 26594
1701795804 26594
1701795936 26594
1701795967 26594
1701795996 26594
1701796024 26594
1701796348 26594
1701796409 26594
1701796431 26594
1701796671 26666
1701798591 26695
1701872895 26623
1701873145 26650
1701873223 26650
1701873244 26650
1701873601 26650
1701873681 26659
1701873720 26661
1701885192 26958
1701885239 26959
1701887745 27057
1701887794 27057
1701887905 27057
1701887965 27072
1701888882 27193
1701888977 27193
1701900137 27515
1701900157 27508
1701900987 27544
1701901074 27544
1701902366 27614
1701951167 27653
1701951268 27653
1701953580 27812
1701953612 27812
1701971389 27812
1701980759 27812
1701980793 27812
1701980930 27812
1701981004 27812
1701981148 27812
1701981377 27812
1701981519 27812
1701981650 27812
1701981714 27813
1701981737 27813
1701981856 27813
1701981903 27813
1701981978 27813
1701982240 27922
1701982417 27813
1701982468 27815
1701982718 27819
1701982869 27819
1701982894 27819
1701983139 27819
1701983236 27819
1701983326 27819
1701983389 27819
1701983445 27819
1701983495 27819
1701983525 27817
1701983671 27817
1701983713 27817
1701983780 27817
1701983941 27816
1701983974 27816
1701984030 27816
1701984059 27816
1701984319 27850
1701984384 27850
1701985811 27938
1702031229 27984
1702031253 27984
1702031714 27984
1702032031 27984
1702034046 28074
1702034132 28074
1702035777 28144
1702035850 28144
1702045944 28326
1702045982 28326
1702046020 28326
1702052274 28443
1702054660 28570
1702054713 28570
1702054926 28570
1702056897 28604
1702056959 28602
1702057106 28584
1702057701 28638
1702123838 28893
1702124987 29066
1702128641 29316
1702128823 29344
1702128855 29344
1702132423 29460
1702132495 29460
1702132529 29460
1702133159 29460
1702135330 29621
1702135443 29622
1702136695 29795
1702137461 29939
1702137802 30013
1702137919 30013
1702138077 30019
1702140539 30196
1702141515 30290
1702142451 30425
1702142583 30440
1702146259 30700
1702146669 30700
1702146705 30700
1702146749 30700
1702146846 30700
1702146904 30700
1702147016 30700
1702147045 30700
1702147077 30700
1702147149 30700
1702147320 30700
1702147435 30700
1702147465 30700
1702147520 30700
1702147559 30700
1702147616 30700
1702147683 30700
1702147754 30700
1702147793 30700
1702147820 30700
1702148151 30700
1702148749 30700
1702148828 30700
1702148848 30700
1702148888 30700
1702149330 30700
1702149386 30700
1702149499 30700
1702149934 30700
1702149972 30700
1702150043 30701
1702164871 30700
1702164892 30700
1702164947 30700
1702164967 30700
1702165033 30700
1702165092 30700
1702165124 30700
1702165171 30700
1702165199 30700
1702165221 30700
1702165258 30700
1702165285 30700
1702165310 30700
1702165358 30700
1702165395 30700
1702165496 30701
1702165721 30701
1702165764 30701
1702165836 30701
1702165868 30701
1702165895 30701
1702205633 30701
1702205672 30701
1702205828 30701
1702207023 30701
1702207105 30701
1702207154 30701
1702207235 30701
1702207270 30701
1702207311 30701
1702207430 30701
1702207467 30701
1702207502 30701
1702207578 30701
1702207603 30701
1702207810 30701
1702207833 30701
1702207861 30701
1702211459 30701
1702211489 30701
1702211531 30701
1702211559 30701
1702211644 30701
1702211668 30701
1702211748 30701
1702211773 30701
1702211799 30701
1702211835 30701
1702211874 30701
1702211958 30700
1702211984 30699
1702212167 30699
1702212236 30699
1702212279 30699
1702213580 30700
1702213637 30700
1702213699 30703
1702213761 30703
1702213799 30704
1702214153 30684
1702216277 30692
1702216900 30736
1702220194 30742
1702220371 30745
1702220415 30745
1702220439 30746
1702223205 30848
1702223304 30853
1702223330 30854
1702223360 30854
1702223380 30854
1702248513 30889
1702248828 30889
1702248849 30889
1702249164 30952
1702249220 30953
1702250022 31061
1702253989 31067
1702285059 31057
1702285154 31057
1702285300 31057
1702285345 31057
1702285422 31057
1702285461 31057
1702285598 31063
1702288636 31026
1702289228 31070
1702289638 31079
1702289658 31079
1702289715 31079
1702289745 31079
1702289803 31079
1702289858 31079
1702290362 31074
1702292811 30962
1702293375 30896
1702294338 30899
1702294383 30899
1702295114 31108
1702295166 31108
1702295223 31109
1702295605 31109
1702295999 31109
1702296164 31112
1702296231 31112
1702296344 31112
1702296574 31112
1702297596 31135
1702300497 31121
1702300906 31125
1702300959 31125
1702301061 31125
1702301084 31125
1702301108 31125
1702301139 31125
1702301205 31125
1702301247 31125
1702301292 31125
1702302144 31125
1702302171 31125
1702302191 31125
1702302298 31125
1702302569 31126
1702302892 31136
1702302918 31136
1702302964 31136
1702303444 31121
1702303503 31121
1702304294 31108
1702304908 31087
1702305044 31087
1702306550 31112
1702306607 31112
1702306648 31112
1702307196 31145
1702311746 31143
1702311816 31143
1702313185 31152
1702313256 31152
1702313312 31152
1702314055 31156
1702314252 31155
1702314308 31155
1702315671 31171
1702315742 31171
1702315770 31171
1702315863 31177
1702318225 31164
1702318302 31164
1702319330 31165
1702385186 31269
1702385209 31269
1702385327 31269
1702385359 31269
1702385411 31269
1702385447 31269
1702385710 31274
1702387423 31275
1702387486 31275
1702387527 31272
1702391123 31284
1702391982 31348
1702392362 31384
1702395258 31527
1702397123 31485
1702397169 31485
1702397297 31473
1702397584 31466
1702397959 31464
1702398174 31466
1702399536 31463
1702399585 31463
1702400600 31463
1702400662 31449
1702400712 31449
1702401121 31455
1702403449 31473
1702405652 31477
1702406043 31490
1702406542 31480
1702407577 31516
1702407731 31516
1702408609 31560
1702418240 31583
1702419700 31583
1702464713 31821
1702465033 31830
1702467511 31971
1702467567 31971
1702467871 31971
1702469301 32084
1702470303 32082
1702470611 32082
1702473704 32084
1702473764 32084
1702473931 32085
1702474816 32147
1702475126 32148
1702475150 32148
1702476252 32191
1702476278 32191
1702476358 32191
1702476391 32191
1702476434 32191
1702477334 32189
1702477441 32188
1702477833 32196
1702477891 32196
1702478314 32196
1702490665 32323
1702490772 32324
1702506393 32390
1702506435 32390
1702506545 32391
1702509329 32386
1702509362 32386
1702509560 32389
1702563233 32537
1702563264 32537
1702565659 32539
1702565993 32539
1702572934 32581
1702573596 32581
1702573646 32581
1702573732 32581
1702573809 32581
1702573945 32598
1702574174 32599
1702574260 32608
1702574402 32626
1702578118 32626
1702578163 32626
1702580962 32626
1702581140 32626
1702581257 32626
1702587527 32850
1702588730 32946
1702588773 32946
1702589741 33005
1702590779 33063
1702590993 33091
1702640307 33091
1702640429 33091
1702640478 33091
1702640693 33122
1702640845 33145
1702641190 33145
1702641469 33145
1702641628 33134
1702641907 33134
1702645902 33134
1702645958 33134
1702646325 33177
1702646410 33185
1702646439 33185
1702646552 33202
1702646786 33210
1702646811 33210
1702646841 33210
1702649029 33606
1702649079 33606
1702649656 33680
1702649785 33678
1702649803 33678
1702650066 33680
1702650224 33683
1702650562 33681
1702652031 33681
1702653028 33679
1708440817 33681
1708441641 33684
1708442148 33729
1708442426 33718
1708442956 33704
1708443637 33711
1708448073 33746
1708448174 33754
1708448383 33750
1709127111 33750
1709127547 33768
1709130373 33880
1709130589 33890
1709145113 33954
1709145324 33954
1709145343 33954
1709145621 33954
1709145661 33954
1709146278 33954
1709146320 33954
1709146371 33954
1709387835 34069
1709394622 34068
1709394848 34068
1709395970 34034
1709397397 34077
1709400208 34107
1709400328 34128
1709481083 34174
1709481321 34174
1709483571 34174
1709483590 34174
1709483745 34219
1709489048 34309
1709489266 34300
1709489292 34300
1709490074 34310
1709497695 34320
1709497761 34319
1709499386 34452
1709499427 34452
1709500056 34467
1709500535 34514
1709500623 34514
1709500675 34514
1709500696 34514
1709501846 34555
1709501946 34563
1709551096 34564
1709552123 34620
1709552189 34620
1709554502 34737
1709554916 34776
1709555098 34785
1709555156 34785
1709556064 34604
1709556394 34610
1709556536 34621
1709556734 34621
1716043903 34621
1716045052 34859
1716046683 34859
